61,35
54,32
54,31
54,30
54,29
54,28
54,27
54,26
54,25
54,24
54,23
54,22
54,21
54,20
54,19
54,18
54,17
54,16
54,15
54,14
54,13
54,12
54,11
54,10
54,9
54,8
54,7
54,6
54,5
54,4
54,3
54,2
54,1
19,2
54,0
53,6
53,5
53,4
53,3
19,1
53,2
53,1
19,3
53,0
52,5
52,4
52,3
52,2
52,1
52,0
51,5
51,4
51,3
51,2
51,1
51,0
50,5
50,4
50,3
50,2
50,1
50,0
49,5
49,4
49,3
49,2
49,1
49,0
48,4
48,3
48,2
48,1
48,0
47,145
47,144
47,143
47,142
47,141
18,1
47,140
18,3
47,136
47,135
47,107
47,106
47,105
47,104
47,103
14,1
47,102
14,4
47,1
14,3
47,32
13,1
46,1
13,3
46,194
45,387
45,386
45,385
45,384
45,283
45,282
45,281
45,280
45,274
45,272
45,271
45,270
45,268
45,267
45,266
45,265
45,264
45,262
45,260
45,259
45,258
45,257
45,196
45,195
45,194
45,193
45,63
45,58
45,51
45,50
45,49
45,46
45,41
45,36
45,1
45,34
0,545
0,544
2,2
0,543
0,542
0,541
0,540
0,539
0,538
0,537
0,536
0,535
0,534
0,533
0,532
0,531
0,530
0,529
0,528
2,1
0,527
0,526
0,525
0,524
0,523
0,522
0,521
0,520
2,3
0,519
0,365
0,364
0,363
0,362
0,361
0,360
0,359
0,358
0,357
0,356
0,355
0,354
0,353
0,352
0,351
0,350
0,349
0,348
0,347
0,0
61,34
61,33
61,32
61,31
61,30
61,29
61,28
61,27
61,26
61,25
61,24
61,23
61,22
61,21
61,20
61,19
61,18
61,17
61,16
61,15
61,14
61,13
61,12
61,11
